
2016-02-25 10:15:01,046|48A2B01C06B747DEB3127FF600000406000023F2|92.58.99.230:43685
2016-02-25 10:15:01,046|359705CCD3FFC65C6D0CCB92BFFFF8B02D1846C2|114.172.155.222:24524
2016-02-25 10:15:01,047|F7CCD187AF048D85508A6786000071EF000016AD|197.245.26.143:13053
2016-02-25 10:15:01,047|680206AACB21E18B3FBD68261F4786D8242A49DE|85.54.233.228:53090
2016-02-25 10:15:01,047|56FD8BA9095F2CC5ACD5195D00004CF3000004EB|182.215.183.97:25416
2016-02-25 10:15:01,048|C8E0D90C3E99245E0D1C6FB700000A0500005D99|62.83.72.122:29742
2016-02-25 10:15:01,048|5943BE49F1F1BBE9EBB3A1B00000420D00006397|72.200.85.243:27835
2016-02-25 10:15:01,048|151EFFD6AE529049F1F1BD310000709100000154|73.32.96.168:13045
2016-02-25 10:15:01,049|F2C0286BCCDACF84DBE6071B000004C300003A2D|98.165.249.58:50883
2016-02-25 10:15:01,049|9D1DFE76C77C902C86DC6BF5000041B800003941|1.175.118.56:22205
2016-02-25 10:15:01,050|A57ADFD530F901ED8F287A600000520E0000132D|203.234.31.32:61337
2016-02-25 10:15:01,050|CFBA16E16CD6AE529049F1F1BBE9EB8000006F31|5.18.52.17:48012
2016-02-25 10:15:01,051|7F3E0DD6AE529049F1F04F4300004BBD00005BBD|49.206.131.243:55729
