
2016-01-16 13:10:01,055|9F3269E70000737D0000536D0000112900006EFD|37.52.86.171:33294
2016-01-16 13:10:01,056|2ADD04719D6B3D7B679A08442A3E3B722E62EA24|90.188.13.71:39041
2016-01-16 13:10:01,056|B10A55A10BF2CAAA503DEB203B622697350C18B9|92.20.28.203:58485
2016-01-16 13:10:01,056|52D3C283126B71313E1D720C82E1DEA1B59764FD|210.165.158.96:12810
2016-01-16 13:10:01,057|A554905493CA30C3CC43F4580B6CA5B9275404E8|31.13.253.195:26343
2016-01-16 13:10:01,058|0A32EFADE3FF434234A451E0C182E74DADE11F69|27.130.29.73:19377
2016-01-16 13:10:01,059|3BB8F2BAE0EFAE63596382C700005D1F00002B56|2.14.176.125:57870
2016-01-16 13:10:01,059|A6CB646A74499DE12C03B057112F7621A205AA8B|119.197.242.26:41006
2016-01-16 13:10:01,061|2F60AD1BCCF9282A651CBD2B0000496300005A1C|223.204.241.46:10099
2016-01-16 13:10:01,061|F55ADC15F416522BC8190AD7D45411CA9488F5C3|46.118.93.32:57746
2016-01-16 13:10:01,062|F55ADC15F416522BC8190AD7D45411CA9488F5C3|46.118.93.32:57746
2016-01-16 13:10:01,062|BF1040F3959419A5144E1DCE131B6948884BA40F|24.150.113.225:10318
2016-01-16 13:10:01,062|FF01ED4CF4709395BF637FB500003969000000BE|121.134.192.71:31456
